0
[[ 1.          0.          0.          0.          0.          0.          0.
   0.          0.          0.          0.          0.          0.          0.        ]
 [ 0.86089587  0.13910413  0.          0.          0.          0.          0.
   0.          0.          0.          0.          0.          0.          0.        ]
 [ 0.76643819  0.11623745  0.11732432  0.          0.          0.          0.
   0.          0.          0.          0.          0.          0.          0.        ]
 [ 0.67232096  0.10359076  0.1103821   0.11370612  0.          0.          0.
   0.          0.          0.          0.          0.          0.          0.        ]
 [ 0.60506433  0.09480044  0.09840145  0.09942107  0.10231275  0.          0.
   0.          0.          0.          0.          0.          0.          0.        ]
 [ 0.55969799  0.08455054  0.08742138  0.08808195  0.09049981  0.08974824
   0.          0.          0.          0.          0.          0.          0.
   0.        ]
 [ 0.47548479  0.08547438  0.08698003  0.08803459  0.08843488  0.08771415
   0.08787718  0.          0.          0.          0.          0.          0.
   0.        ]
 [ 0.44606018  0.08278698  0.07855414  0.07973306  0.07750552  0.07767579
   0.0777726   0.07991167  0.          0.          0.          0.          0.
   0.        ]
 [ 0.44826624  0.07059523  0.0672237   0.06827764  0.07018463  0.06981407
   0.06909412  0.06884303  0.06770131  0.          0.          0.          0.
   0.        ]
 [ 0.37833443  0.06363856  0.06766073  0.06973042  0.0730985   0.06872984
   0.06918062  0.0700212   0.07029752  0.0693082   0.          0.          0.
   0.        ]
 [ 0.37240463  0.0609703   0.0608981   0.06339145  0.06329983  0.06188896
   0.06280784  0.06396485  0.06431901  0.06176068  0.06429435  0.          0.
   0.        ]
 [ 0.33567867  0.05869563  0.0567812   0.05979004  0.0617396   0.06119965
   0.06228856  0.06148418  0.06044518  0.05897716  0.06114085  0.06177927
   0.          0.        ]
 [ 0.32584158  0.05692264  0.05361605  0.05564029  0.05739279  0.05823522
   0.0572608   0.05900301  0.05702637  0.05470026  0.05569614  0.05537843
   0.05328639  0.        ]
 [ 0.31317618  0.05216821  0.05002796  0.05278509  0.05469994  0.05521915
   0.05456061  0.05413251  0.05279928  0.05192111  0.05378095  0.05369136
   0.05120099  0.04983665]]
5.55535888672
1
[[ 1.          0.          0.          0.          0.          0.          0.
   0.          0.          0.          0.        ]
 [ 0.8375662   0.16243379  0.          0.          0.          0.          0.
   0.          0.          0.          0.        ]
 [ 0.72064233  0.142213    0.13714465  0.          0.          0.          0.
   0.          0.          0.          0.        ]
 [ 0.63667732  0.12880717  0.11750095  0.11701459  0.          0.          0.
   0.          0.          0.          0.        ]
 [ 0.59585321  0.10728367  0.10134154  0.09877681  0.09674478  0.          0.
   0.          0.          0.          0.        ]
 [ 0.51694024  0.10258985  0.09787035  0.095476    0.09259772  0.0945259
   0.          0.          0.          0.          0.        ]
 [ 0.49768564  0.08847561  0.08344153  0.08353117  0.0833224   0.08364149
   0.07990218  0.          0.          0.          0.        ]
 [ 0.42558745  0.08669231  0.08381137  0.08089537  0.08353537  0.08173506
   0.0802376   0.07750545  0.          0.          0.        ]
 [ 0.40789735  0.07554302  0.07409727  0.07396498  0.07592391  0.07579602
   0.0723725   0.07069854  0.07370646  0.          0.        ]
 [ 0.4210234   0.06421889  0.06492434  0.06510773  0.06453035  0.06472483
   0.06349815  0.06357527  0.06426922  0.06412778  0.        ]
 [ 0.38828444  0.06119025  0.06173446  0.06153276  0.06141619  0.06242227
   0.06027534  0.06051205  0.06149174  0.06101004  0.06013044]]
6.30812692642
2
[[ 1.          0.          0.          0.          0.          0.        ]
 [ 0.82636255  0.17363749  0.          0.          0.          0.        ]
 [ 0.7177307   0.14221849  0.1400508   0.          0.          0.        ]
 [ 0.65157676  0.11725798  0.11764466  0.11352055  0.          0.        ]
 [ 0.56455892  0.11256995  0.11222832  0.1088017   0.10184109  0.        ]
 [ 0.50991696  0.10126834  0.10149188  0.098343    0.09307963  0.09590015]]
5.58415794373
3
[[ 1.          0.          0.          0.          0.          0.          0.
   0.        ]
 [ 0.8198961   0.18010388  0.          0.          0.          0.          0.
   0.        ]
 [ 0.67837065  0.16418499  0.15744437  0.          0.          0.          0.
   0.        ]
 [ 0.57701224  0.14700268  0.1424768   0.13350827  0.          0.          0.
   0.        ]
 [ 0.52094132  0.12227663  0.12280219  0.11473236  0.11924743  0.          0.
   0.        ]
 [ 0.45498571  0.11247697  0.10908175  0.1046046   0.10705069  0.11180025
   0.          0.        ]
 [ 0.44390666  0.09912157  0.09279692  0.0852903   0.09104662  0.09471513
   0.09312282  0.        ]
 [ 0.40941265  0.08859357  0.08280279  0.08010856  0.08292982  0.08592144
   0.08581356  0.08441757]]
3.70680618286
4
[[ 1.          0.          0.          0.          0.          0.        ]
 [ 0.80858308  0.19141693  0.          0.          0.          0.        ]
 [ 0.68108398  0.16983238  0.14908363  0.          0.          0.        ]
 [ 0.59728754  0.1506684   0.12546553  0.12657857  0.          0.        ]
 [ 0.59839708  0.10478745  0.09792171  0.09897608  0.09991763  0.        ]
 [ 0.55045778  0.09120231  0.09193411  0.08969646  0.08962585  0.08708353]]
1.38083517551
5
[[ 1.          0.          0.          0.          0.          0.        ]
 [ 0.81473076  0.18526927  0.          0.          0.          0.        ]
 [ 0.71301579  0.14675979  0.14022444  0.          0.          0.        ]
 [ 0.62525171  0.13124633  0.12346546  0.12003652  0.          0.        ]
 [ 0.57118261  0.11419791  0.10511466  0.10332446  0.10618037  0.        ]
 [ 0.51953572  0.10410617  0.09525937  0.09361138  0.09633867  0.09114864]]
9.07428455353
6
[[ 1.          0.          0.          0.          0.          0.          0.
   0.          0.          0.          0.          0.          0.          0.
   0.          0.          0.          0.          0.          0.          0.
   0.          0.          0.          0.          0.          0.          0.
   0.        ]
 [ 0.8513487   0.14865129  0.          0.          0.          0.          0.
   0.          0.          0.          0.          0.          0.          0.
   0.          0.          0.          0.          0.          0.          0.
   0.          0.          0.          0.          0.          0.          0.
   0.        ]
 [ 0.73927528  0.12596336  0.13476136  0.          0.          0.          0.
   0.          0.          0.          0.          0.          0.          0.
   0.          0.          0.          0.          0.          0.          0.
   0.          0.          0.          0.          0.          0.          0.
   0.        ]
 [ 0.67075104  0.10892717  0.11057767  0.1097441   0.          0.          0.
   0.          0.          0.          0.          0.          0.          0.
   0.          0.          0.          0.          0.          0.          0.
   0.          0.          0.          0.          0.          0.          0.
   0.        ]
 [ 0.58598942  0.09935076  0.1023308   0.10436039  0.10796866  0.          0.
   0.          0.          0.          0.          0.          0.          0.
   0.          0.          0.          0.          0.          0.          0.
   0.          0.          0.          0.          0.          0.          0.
   0.        ]
 [ 0.52884579  0.09459297  0.09717204  0.09371008  0.09162906  0.09405007
   0.          0.          0.          0.          0.          0.          0.
   0.          0.          0.          0.          0.          0.          0.
   0.          0.          0.          0.          0.          0.          0.
   0.          0.        ]
 [ 0.48086351  0.08215828  0.08720987  0.0874406   0.09055992  0.08640194
   0.08536593  0.          0.          0.          0.          0.          0.
   0.          0.          0.          0.          0.          0.          0.
   0.          0.          0.          0.          0.          0.          0.
   0.          0.        ]
 [ 0.43077874  0.08021883  0.0797253   0.08058126  0.08686538  0.08337612
   0.08151418  0.07694023  0.          0.          0.          0.          0.
   0.          0.          0.          0.          0.          0.          0.
   0.          0.          0.          0.          0.          0.          0.
   0.          0.        ]
 [ 0.41484159  0.07014865  0.07309867  0.07640783  0.07690521  0.07315879
   0.07364608  0.07188843  0.06990471  0.          0.          0.          0.
   0.          0.          0.          0.          0.          0.          0.
   0.          0.          0.          0.          0.          0.          0.
   0.          0.        ]
 [ 0.38646698  0.06840906  0.06728913  0.06781736  0.06800477  0.06972753
   0.07071088  0.06764207  0.06801556  0.06591666  0.          0.          0.
   0.          0.          0.          0.          0.          0.          0.
   0.          0.          0.          0.          0.          0.          0.
   0.          0.        ]
 [ 0.34131306  0.06761701  0.06685895  0.06640284  0.06495365  0.06473967
   0.066245    0.06711277  0.06365544  0.0650364   0.06606518  0.          0.
   0.          0.          0.          0.          0.          0.          0.
   0.          0.          0.          0.          0.          0.          0.
   0.          0.        ]
 [ 0.31758094  0.06093872  0.06356287  0.06201239  0.06399541  0.06142731
   0.06183211  0.06102318  0.06042881  0.0618111   0.06201098  0.06337625
   0.          0.          0.          0.          0.          0.          0.
   0.          0.          0.          0.          0.          0.          0.
   0.          0.          0.        ]
 [ 0.2951144   0.05739254  0.05720961  0.05780758  0.06231944  0.05874558
   0.05943821  0.05785608  0.05941436  0.05889689  0.05826596  0.0589544
   0.05858492  0.          0.          0.          0.          0.          0.
   0.          0.          0.          0.          0.          0.          0.
   0.          0.          0.        ]
 [ 0.27928221  0.0540841   0.05481961  0.05416679  0.05744066  0.05624516
   0.05701489  0.05484118  0.05502353  0.05525811  0.05594528  0.05583363
   0.05476789  0.05527696  0.          0.          0.          0.          0.
   0.          0.          0.          0.          0.          0.          0.
   0.          0.          0.        ]
 [ 0.28243616  0.05160369  0.05168105  0.05118923  0.05193247  0.05070212
   0.05162703  0.05025055  0.04913094  0.05053579  0.05101292  0.05351445
   0.05135971  0.0500017   0.05302214  0.          0.          0.          0.
   0.          0.          0.          0.          0.          0.          0.
   0.          0.          0.        ]
 [ 0.28781727  0.04705569  0.04698691  0.04739172  0.04791274  0.04655883
   0.04859746  0.04697087  0.04712412  0.04632855  0.04708237  0.0487329
   0.0476699   0.04729686  0.04935935  0.04711443  0.          0.          0.
   0.          0.          0.          0.          0.          0.          0.
   0.          0.          0.        ]
 [ 0.27495795  0.04456057  0.04548597  0.04605485  0.04579478  0.0456781
   0.04631614  0.04480837  0.04491305  0.04426137  0.04528292  0.04619624
   0.04534654  0.04553425  0.04704517  0.04502481  0.04273897  0.          0.
   0.          0.          0.          0.          0.          0.          0.
   0.          0.          0.        ]
 [ 0.25536177  0.04386606  0.04420989  0.04519748  0.04490488  0.04327767
   0.04393658  0.04346863  0.04267843  0.04331957  0.04323442  0.04545652
   0.04389545  0.0433326   0.04594805  0.04346497  0.04146926  0.04297774
   0.          0.          0.          0.          0.          0.          0.
   0.          0.          0.          0.        ]
 [ 0.23343976  0.04324217  0.04112114  0.04207843  0.04449799  0.04328709
   0.04301279  0.04015942  0.0432445   0.04190066  0.04306797  0.04360906
   0.04238273  0.04207409  0.04371938  0.04212494  0.04006982  0.04168909
   0.04527896  0.          0.          0.          0.          0.          0.
   0.          0.          0.          0.        ]
 [ 0.23762085  0.03928257  0.03830632  0.0392446   0.04108476  0.04048849
   0.0395277   0.03990807  0.03933561  0.03991461  0.03882576  0.04170685
   0.04051395  0.03921092  0.04169264  0.04145745  0.03876198  0.04019846
   0.04337948  0.03953896  0.          0.          0.          0.          0.
   0.          0.          0.          0.        ]
 [ 0.23527804  0.03799716  0.03648325  0.03745325  0.03941606  0.03850884
   0.03886133  0.03670326  0.03872074  0.03734367  0.0375569   0.03960435
   0.03830071  0.03749432  0.03936974  0.0385733   0.03762531  0.03768964
   0.04039328  0.03845105  0.03817584  0.          0.          0.          0.
   0.          0.          0.          0.        ]
 [ 0.20939712  0.03783065  0.03624892  0.03620433  0.03997662  0.03887484
   0.03857615  0.03522769  0.03787766  0.03725922  0.03775854  0.03882901
   0.0378162   0.03743683  0.03857267  0.03821157  0.03617866  0.03769132
   0.03935034  0.03704999  0.03672579  0.0369059   0.          0.          0.
   0.          0.          0.          0.        ]
 [ 0.21076065  0.03510681  0.03437489  0.03558055  0.03852469  0.03586228
   0.03752327  0.03470736  0.03528434  0.03611691  0.03683599  0.0358839
   0.03502187  0.03546551  0.03623292  0.03548826  0.03414576  0.03673059
   0.03828931  0.03518013  0.03569178  0.03563929  0.03555291  0.          0.
   0.          0.          0.          0.        ]
 [ 0.17458706  0.03342389  0.03492744  0.03514198  0.03934612  0.03770293
   0.03490537  0.03373821  0.03502331  0.03669938  0.03560394  0.03600255
   0.0355651   0.03556913  0.03759037  0.03693984  0.0345792   0.03653016
   0.03918064  0.03508464  0.03578225  0.0353035   0.03339668  0.03737634
   0.          0.          0.          0.          0.        ]
 [ 0.1705171   0.03297808  0.03436808  0.03358871  0.03659984  0.0352929
   0.03387411  0.03315799  0.03312976  0.0359451   0.03507103  0.03458266
   0.0348176   0.03412957  0.0369611   0.03464319  0.03279105  0.03460247
   0.03684493  0.03348398  0.03520945  0.03374778  0.03148452  0.03603167
   0.03614729  0.          0.          0.          0.        ]
 [ 0.16108568  0.03187129  0.03268634  0.03258254  0.03478552  0.03362739
   0.03276842  0.03218244  0.03195444  0.03413162  0.03440471  0.03388615
   0.03263192  0.03276446  0.03497472  0.03356129  0.03155384  0.03400669
   0.03671872  0.03295471  0.03441584  0.03348041  0.03172532  0.03545468
   0.03423768  0.03555315  0.          0.          0.        ]
 [ 0.15289204  0.03184843  0.03250491  0.03120046  0.03404356  0.03245648
   0.03176639  0.03147778  0.03098791  0.03308771  0.03245626  0.03358953
   0.03237658  0.03212063  0.03404644  0.03286173  0.0308315   0.03320718
   0.03533315  0.03165767  0.03263047  0.03210934  0.0308955   0.03404044
   0.03220008  0.03406904  0.03330882  0.          0.        ]
 [ 0.16257036  0.02958028  0.03039433  0.02961281  0.03250517  0.03016408
   0.03043005  0.03028244  0.03046637  0.03109925  0.03096093  0.03110439
   0.03107715  0.03125747  0.03270127  0.03110327  0.02981206  0.03148346
   0.03363252  0.03037167  0.03180297  0.03102855  0.02951103  0.03185806
   0.03078425  0.03229856  0.03116714  0.03094009  0.        ]
 [ 0.16697708  0.02801835  0.02933024  0.02942472  0.03122897  0.02996395
   0.02999716  0.02871883  0.02806447  0.0306104   0.02987446  0.03018717
   0.02958682  0.02914064  0.03138098  0.02950767  0.0290052   0.02979459
   0.03191559  0.02800548  0.03053398  0.02997788  0.02842449  0.03103896
   0.02945574  0.03096064  0.03033379  0.02950458  0.02903728]]
6.7094373703
7
[[ 1.          0.          0.          0.          0.          0.          0.
   0.          0.          0.          0.          0.          0.          0.
   0.          0.          0.          0.          0.          0.          0.
   0.          0.          0.          0.          0.          0.        ]
 [ 0.84028792  0.15971206  0.          0.          0.          0.          0.
   0.          0.          0.          0.          0.          0.          0.
   0.          0.          0.          0.          0.          0.          0.
   0.          0.          0.          0.          0.          0.        ]
 [ 0.73922575  0.13092364  0.12985067  0.          0.          0.          0.
   0.          0.          0.          0.          0.          0.          0.
   0.          0.          0.          0.          0.          0.          0.
   0.          0.          0.          0.          0.          0.        ]
 [ 0.65679818  0.11633496  0.11341887  0.11344792  0.          0.          0.
   0.          0.          0.          0.          0.          0.          0.
   0.          0.          0.          0.          0.          0.          0.
   0.          0.          0.          0.          0.          0.        ]
 [ 0.58716077  0.10322545  0.10607321  0.10338178  0.10015885  0.          0.
   0.          0.          0.          0.          0.          0.          0.
   0.          0.          0.          0.          0.          0.          0.
   0.          0.          0.          0.          0.          0.        ]
 [ 0.51283514  0.09804319  0.10089993  0.10039517  0.09486168  0.0929649
   0.          0.          0.          0.          0.          0.          0.
   0.          0.          0.          0.          0.          0.          0.
   0.          0.          0.          0.          0.          0.          0.        ]
 [ 0.46018121  0.09227296  0.09383485  0.09121829  0.08721158  0.08636806
   0.08891299  0.          0.          0.          0.          0.          0.
   0.          0.          0.          0.          0.          0.          0.
   0.          0.          0.          0.          0.          0.          0.        ]
 [ 0.41720307  0.08684955  0.08622151  0.08611697  0.08169101  0.07945363
   0.08127071  0.08119355  0.          0.          0.          0.          0.
   0.          0.          0.          0.          0.          0.          0.
   0.          0.          0.          0.          0.          0.          0.        ]
 [ 0.39198649  0.08141074  0.07864422  0.07579745  0.07389271  0.07470577
   0.07562981  0.07412223  0.07381058  0.          0.          0.          0.
   0.          0.          0.          0.          0.          0.          0.
   0.          0.          0.          0.          0.          0.          0.        ]
 [ 0.39754665  0.07226072  0.06710286  0.06943399  0.06672321  0.06481258
   0.06542268  0.06631517  0.06442117  0.06596098  0.          0.          0.
   0.          0.          0.          0.          0.          0.          0.
   0.          0.          0.          0.          0.          0.          0.        ]
 [ 0.35868376  0.06620888  0.06567333  0.06498409  0.06354038  0.06420127
   0.0654904   0.06347121  0.06264806  0.06393249  0.0611661   0.          0.
   0.          0.          0.          0.          0.          0.          0.
   0.          0.          0.          0.          0.          0.          0.        ]
 [ 0.31794232  0.06384734  0.06445868  0.06335048  0.06058783  0.06026598
   0.06202513  0.06178731  0.0620278   0.06134063  0.05867773  0.06368878
   0.          0.          0.          0.          0.          0.          0.
   0.          0.          0.          0.          0.          0.          0.
   0.        ]
 [ 0.29681426  0.06144463  0.06081616  0.0608015   0.05820417  0.05555192
   0.05647749  0.0570652   0.06016809  0.05809167  0.05501401  0.05991092
   0.05964001  0.          0.          0.          0.          0.          0.
   0.          0.          0.          0.          0.          0.          0.
   0.        ]
 [ 0.31497771  0.05631962  0.0529049   0.05381767  0.0527115   0.05125638
   0.05114159  0.05253338  0.0513834   0.05285076  0.04931632  0.05447454
   0.05332908  0.05298316  0.          0.          0.          0.          0.
   0.          0.          0.          0.          0.          0.          0.
   0.        ]
 [ 0.28437394  0.05298046  0.05272136  0.05211932  0.05056257  0.04970052
   0.05072014  0.05071594  0.05033999  0.05169786  0.0490411   0.05341502
   0.05177328  0.04943699  0.05040151  0.          0.          0.          0.
   0.          0.          0.          0.          0.          0.          0.
   0.        ]
 [ 0.2557573   0.05064238  0.05234341  0.04977903  0.04846612  0.048138
   0.05008622  0.04894716  0.04814352  0.04988676  0.04691019  0.05173465
   0.0495922   0.04884169  0.04911061  0.05162081  0.          0.          0.
   0.          0.          0.          0.          0.          0.          0.
   0.        ]
 [ 0.25867915  0.04664209  0.04684216  0.04593046  0.04606955  0.04477181
   0.04579793  0.04558817  0.04668817  0.04587645  0.0428461   0.04830302
   0.04724392  0.04694505  0.04702025  0.04710693  0.04764881  0.          0.
   0.          0.          0.          0.          0.          0.          0.
   0.        ]
 [ 0.25395349  0.04348187  0.04360618  0.04369779  0.04391158  0.04336601
   0.04322043  0.04357838  0.04447795  0.04314139  0.04144745  0.04563464
   0.04408042  0.04440967  0.0443804   0.04393103  0.0449286   0.04475269
   0.          0.          0.          0.          0.          0.          0.
   0.          0.        ]
 [ 0.24416992  0.04199671  0.0420787   0.04257252  0.04172275  0.04142196
   0.04192301  0.04185417  0.04177993  0.0422509   0.04044373  0.04354912
   0.04315452  0.04139774  0.04067067  0.04158453  0.04303065  0.04253926
   0.04185917  0.          0.          0.          0.          0.          0.
   0.          0.        ]
 [ 0.22216251  0.04241502  0.04052095  0.04177782  0.03976574  0.03937599
   0.03953375  0.04073507  0.04092751  0.04059039  0.03820766  0.04278628
   0.04138558  0.04103595  0.04077246  0.04069971  0.04353281  0.04052581
   0.04081012  0.04243885  0.          0.          0.          0.          0.
   0.          0.        ]
 [ 0.20673898  0.04021094  0.04055912  0.04083937  0.03853821  0.03798559
   0.03939009  0.03906537  0.03920349  0.03904986  0.03731569  0.04100532
   0.04010425  0.03914712  0.03935167  0.03991188  0.04148356  0.03941377
   0.03910543  0.04072221  0.04085806  0.          0.          0.          0.
   0.          0.        ]
 [ 0.2200031   0.03775496  0.03920011  0.03764889  0.03691151  0.03526585
   0.0385895   0.03678213  0.03561625  0.03495145  0.03522569  0.03998079
   0.03697217  0.03648511  0.03569902  0.03939297  0.03704061  0.03504651
   0.0352638   0.04010994  0.03736175  0.03869794  0.          0.          0.
   0.          0.        ]
 [ 0.21618529  0.03691323  0.03528349  0.03516899  0.03480288  0.03445523
   0.03527274  0.03498422  0.03435051  0.03532015  0.03498076  0.03748779
   0.03545135  0.03464827  0.03528585  0.03638069  0.03722969  0.0345524
   0.03510637  0.03799381  0.03701042  0.03595252  0.03518336  0.          0.
   0.          0.        ]
 [ 0.18699418  0.03474583  0.03502701  0.03471955  0.03390468  0.034574
   0.03490625  0.03462163  0.03375338  0.03518125  0.03329828  0.03742269
   0.03421079  0.03436929  0.03577086  0.03586175  0.03780457  0.03433824
   0.03474283  0.03712744  0.03656792  0.03585328  0.03605992  0.0381444
   0.          0.          0.        ]
 [ 0.16647129  0.03339446  0.03465045  0.0355029   0.03236322  0.03261831
   0.03487115  0.03447841  0.03488702  0.03378914  0.03165054  0.03527606
   0.03542977  0.03569192  0.0344905   0.03545746  0.03498165  0.03472689
   0.03495439  0.03685967  0.03610231  0.03527898  0.03488492  0.03656598
   0.03462256  0.          0.        ]
 [ 0.18076484  0.03194537  0.03171739  0.03292064  0.0315214   0.03190545
   0.03216436  0.033164    0.03211951  0.03202997  0.03022328  0.03429053
   0.03364347  0.0333231   0.03323888  0.03307229  0.03456058  0.03206145
   0.03292428  0.03448731  0.03339886  0.03246519  0.03308836  0.034748
   0.03315788  0.03106352  0.        ]
 [ 0.18860096  0.03207244  0.03063894  0.0311953   0.0311432   0.03034693
   0.02992322  0.03019714  0.02988169  0.03105044  0.03013656  0.03182064
   0.03127721  0.03069253  0.03119154  0.03090221  0.03205338  0.03127707
   0.03083966  0.03187506  0.03161196  0.03110424  0.03200509  0.03298841
   0.03220339  0.0306808   0.03228996]]
11.3177280426
8
[[ 1.          0.          0.          0.          0.          0.          0.
   0.          0.          0.          0.          0.          0.          0.
   0.          0.          0.          0.          0.        ]
 [ 0.81917536  0.18082461  0.          0.          0.          0.          0.
   0.          0.          0.          0.          0.          0.          0.
   0.          0.          0.          0.          0.        ]
 [ 0.68540794  0.15853001  0.15606202  0.          0.          0.          0.
   0.          0.          0.          0.          0.          0.          0.
   0.          0.          0.          0.          0.        ]
 [ 0.61236274  0.12441831  0.12615153  0.13706744  0.          0.          0.
   0.          0.          0.          0.          0.          0.          0.
   0.          0.          0.          0.          0.        ]
 [ 0.52818793  0.1150541   0.11563708  0.12668976  0.11443108  0.          0.
   0.          0.          0.          0.          0.          0.          0.
   0.          0.          0.          0.          0.        ]
 [ 0.46201608  0.11014835  0.10757591  0.114659    0.10446484  0.10113586
   0.          0.          0.          0.          0.          0.          0.
   0.          0.          0.          0.          0.          0.        ]
 [ 0.41464663  0.10043909  0.09719787  0.10295801  0.0949552   0.09018133
   0.09962182  0.          0.          0.          0.          0.          0.
   0.          0.          0.          0.          0.          0.        ]
 [ 0.39601544  0.08341743  0.08420796  0.09030011  0.08213221  0.0765731
   0.08885083  0.09850294  0.          0.          0.          0.          0.
   0.          0.          0.          0.          0.          0.        ]
 [ 0.36226743  0.07853644  0.07929641  0.08596983  0.07277995  0.0724454
   0.08412841  0.09133903  0.07323715  0.          0.          0.          0.
   0.          0.          0.          0.          0.          0.        ]
 [ 0.33117855  0.07446359  0.07406325  0.07931966  0.06912532  0.06826084
   0.07826425  0.08466149  0.06950197  0.07116104  0.          0.          0.
   0.          0.          0.          0.          0.          0.        ]
 [ 0.301186    0.07132048  0.06998122  0.07438634  0.06424181  0.06402149
   0.07298954  0.0785811   0.06422095  0.06637665  0.07269436  0.          0.
   0.          0.          0.          0.          0.          0.        ]
 [ 0.29750809  0.06168975  0.06032576  0.06522682  0.05699458  0.05727844
   0.06593868  0.07273009  0.05781867  0.06378533  0.06909247  0.07161126
   0.          0.          0.          0.          0.          0.          0.        ]
 [ 0.28300336  0.05786663  0.05830419  0.0626932   0.05349058  0.054312
   0.06196539  0.06784786  0.05470479  0.05912363  0.06403836  0.06628554
   0.05636451  0.          0.          0.          0.          0.          0.        ]
 [ 0.25301862  0.05921914  0.05845009  0.06231162  0.05238544  0.05302029
   0.06106808  0.06708208  0.05217362  0.05578083  0.06079466  0.06323765
   0.0519259   0.04953198  0.          0.          0.          0.          0.        ]
 [ 0.23797524  0.05525924  0.05548861  0.0597434   0.04954874  0.05073767
   0.05919901  0.06452756  0.04947748  0.05332046  0.05851732  0.06090166
   0.04975647  0.04772489  0.04782226  0.          0.          0.          0.        ]
 [ 0.22878785  0.05284488  0.05265567  0.0564537   0.04789601  0.04866946
   0.05620565  0.06098907  0.04804048  0.05024121  0.05514459  0.0570775
   0.04771698  0.0456828   0.04525104  0.04634306  0.          0.          0.        ]
 [ 0.21757415  0.05106299  0.05015894  0.05367886  0.04591778  0.04644674
   0.05338561  0.05783264  0.04595587  0.04823186  0.05301613  0.05465594
   0.04573006  0.04372223  0.04309051  0.04484702  0.04469264  0.          0.        ]
 [ 0.23008813  0.04310946  0.04308865  0.04671527  0.04299881  0.04168138
   0.04791289  0.05293547  0.04383029  0.04614968  0.05069888  0.05207763
   0.04446761  0.04229403  0.0419402   0.04230746  0.04241972  0.04528454
   0.        ]
 [ 0.22873856  0.04125772  0.04165968  0.04510145  0.04048537  0.04011695
   0.04609726  0.05063186  0.04131499  0.04321089  0.04743969  0.04889457
   0.04242359  0.04000018  0.03891049  0.03964632  0.03955918  0.04215229
   0.04235889]]
7.43402338028
9
[[ 1.          0.          0.          0.          0.          0.        ]
 [ 0.85004622  0.14995377  0.          0.          0.          0.        ]
 [ 0.72650063  0.13955911  0.13394029  0.          0.          0.        ]
 [ 0.6509409   0.11565629  0.11926674  0.11413601  0.          0.        ]
 [ 0.5634678   0.11183624  0.10855789  0.10966906  0.10646904  0.        ]
 [ 0.52235156  0.09713493  0.09945092  0.09537052  0.09287368  0.09281834]]
120.125213623
10
[[ 1.          0.          0.          0.          0.          0.          0.
   0.          0.          0.          0.          0.          0.          0.
   0.        ]
 [ 0.81752771  0.18247224  0.          0.          0.          0.          0.
   0.          0.          0.          0.          0.          0.          0.
   0.        ]
 [ 0.71263933  0.14131077  0.14604989  0.          0.          0.          0.
   0.          0.          0.          0.          0.          0.          0.
   0.        ]
 [ 0.66465539  0.1109051   0.11367768  0.11076184  0.          0.          0.
   0.          0.          0.          0.          0.          0.          0.
   0.        ]
 [ 0.56212765  0.11080582  0.11269458  0.10977238  0.10459957  0.          0.
   0.          0.          0.          0.          0.          0.          0.
   0.        ]
 [ 0.53435355  0.09961492  0.09478535  0.0920691   0.08871424  0.09046291
   0.          0.          0.          0.          0.          0.          0.
   0.          0.        ]
 [ 0.46837592  0.09013084  0.09209276  0.08942538  0.08615474  0.08979968
   0.08402062  0.          0.          0.          0.          0.          0.
   0.          0.        ]
 [ 0.41922438  0.08824618  0.08918934  0.08414894  0.0805412   0.08357009
   0.07889371  0.07618615  0.          0.          0.          0.          0.
   0.          0.        ]
 [ 0.41462687  0.07693896  0.07415309  0.07510246  0.07138006  0.07517344
   0.07048233  0.06983684  0.07230604  0.          0.          0.          0.
   0.          0.        ]
 [ 0.3783614   0.06959289  0.07311889  0.0704671   0.06797355  0.0707178
   0.06352755  0.06523958  0.07077169  0.07022962  0.          0.          0.
   0.          0.        ]
 [ 0.32990441  0.07380068  0.07150716  0.06682855  0.06213555  0.06657109
   0.06624601  0.0637778   0.0673825   0.06620225  0.06564403  0.          0.
   0.          0.        ]
 [ 0.28258929  0.06660092  0.0680976   0.06754442  0.06184964  0.06593518
   0.06216015  0.06329254  0.06626491  0.06632916  0.06631424  0.063022    0.
   0.          0.        ]
 [ 0.29367226  0.05863234  0.05899019  0.05681522  0.05593647  0.05927264
   0.05720227  0.05886639  0.05951179  0.05862837  0.06132726  0.05750056
   0.06364419  0.          0.        ]
 [ 0.27660555  0.05775798  0.05560333  0.05468972  0.05305139  0.05582057
   0.05244275  0.05518819  0.05537507  0.05586521  0.05975214  0.05423311
   0.05863465  0.05498038  0.        ]
 [ 0.24954346  0.05417143  0.05350925  0.0537053   0.0504311   0.05276515
   0.05068452  0.05153958  0.0551622   0.05430252  0.05450719  0.05335895
   0.05589175  0.05273817  0.05768942]]
11.7829303741
11
[[ 1.          0.          0.          0.        ]
 [ 0.84610909  0.15389095  0.          0.        ]
 [ 0.72516829  0.14061366  0.13421807  0.        ]
 [ 0.63808787  0.12332986  0.11867841  0.11990385]]
21.6940307617
12
[[ 1.          0.          0.          0.          0.          0.        ]
 [ 0.8198961   0.18010388  0.          0.          0.          0.        ]
 [ 0.67837065  0.16418499  0.15744437  0.          0.          0.        ]
 [ 0.57701224  0.14700268  0.1424768   0.13350827  0.          0.        ]
 [ 0.56629378  0.11220835  0.1112769   0.10275363  0.10746734  0.        ]
 [ 0.51049846  0.1042299   0.09853481  0.09542789  0.09727182  0.09403706]]
5.78789758682
13
[[ 1.          0.          0.          0.          0.          0.        ]
 [ 0.8198961   0.18010388  0.          0.          0.          0.        ]
 [ 0.67837065  0.16418499  0.15744437  0.          0.          0.        ]
 [ 0.57701224  0.14700268  0.1424768   0.13350827  0.          0.        ]
 [ 0.56629378  0.11220835  0.1112769   0.10275363  0.10746734  0.        ]
 [ 0.51049846  0.1042299   0.09853481  0.09542789  0.09727182  0.09403706]]
5.78789758682
14
[[ 1.          0.          0.          0.          0.          0.        ]
 [ 0.8198961   0.18010388  0.          0.          0.          0.        ]
 [ 0.67837065  0.16418499  0.15744437  0.          0.          0.        ]
 [ 0.57701224  0.14700268  0.1424768   0.13350827  0.          0.        ]
 [ 0.56629378  0.11220835  0.1112769   0.10275363  0.10746734  0.        ]
 [ 0.51049846  0.1042299   0.09853481  0.09542789  0.09727182  0.09403706]]
5.78789758682
15
[[ 1.          0.          0.          0.          0.          0.          0.        ]
 [ 0.81112629  0.18887368  0.          0.          0.          0.          0.        ]
 [ 0.66349858  0.17249751  0.16400392  0.          0.          0.          0.        ]
 [ 0.61186302  0.13034247  0.12506776  0.1327267   0.          0.          0.        ]
 [ 0.49532983  0.1361891   0.12257473  0.12838842  0.1175179   0.          0.        ]
 [ 0.48376763  0.10576589  0.09867375  0.10398824  0.10019492  0.10760958
   0.        ]
 [ 0.46133569  0.09209464  0.08559085  0.09065761  0.08640859  0.09416915
   0.08974341]]
3.30622339249
16
[[ 1.          0.          0.          0.        ]
 [ 0.85079628  0.14920373  0.          0.        ]
 [ 0.72209692  0.13985445  0.13804859  0.        ]
 [ 0.62768114  0.1245767   0.12394832  0.12379383]]
62.8250923157
17
[[ 1.          0.          0.          0.          0.          0.          0.
   0.          0.          0.          0.          0.          0.          0.
   0.          0.          0.          0.          0.          0.          0.        ]
 [ 0.85680497  0.14319505  0.          0.          0.          0.          0.
   0.          0.          0.          0.          0.          0.          0.
   0.          0.          0.          0.          0.          0.          0.        ]
 [ 0.73672479  0.1292126   0.13406262  0.          0.          0.          0.
   0.          0.          0.          0.          0.          0.          0.
   0.          0.          0.          0.          0.          0.          0.        ]
 [ 0.62511015  0.11999636  0.12025604  0.13463745  0.          0.          0.
   0.          0.          0.          0.          0.          0.          0.
   0.          0.          0.          0.          0.          0.          0.        ]
 [ 0.57623899  0.10116269  0.1007631   0.11047012  0.11136507  0.          0.
   0.          0.          0.          0.          0.          0.          0.
   0.          0.          0.          0.          0.          0.          0.        ]
 [ 0.53516579  0.09050818  0.08975438  0.09498454  0.09809089  0.09149624
   0.          0.          0.          0.          0.          0.          0.
   0.          0.          0.          0.          0.          0.          0.
   0.        ]
 [ 0.45965731  0.08594183  0.08425704  0.09245413  0.09894387  0.09230959
   0.0864363   0.          0.          0.          0.          0.          0.
   0.          0.          0.          0.          0.          0.          0.
   0.        ]
 [ 0.41074121  0.07719266  0.07940861  0.08694708  0.09595595  0.08575062
   0.08134434  0.08265956  0.          0.          0.          0.          0.
   0.          0.          0.          0.          0.          0.          0.
   0.        ]
 [ 0.41245386  0.07084742  0.07122123  0.07419339  0.07891668  0.07535521
   0.07259478  0.07202399  0.07239343  0.          0.          0.          0.
   0.          0.          0.          0.          0.          0.          0.
   0.        ]
 [ 0.36844698  0.06807826  0.06655612  0.07079228  0.07718576  0.07136597
   0.06651302  0.07015044  0.07104625  0.06986482  0.          0.          0.
   0.          0.          0.          0.          0.          0.          0.
   0.        ]
 [ 0.32532242  0.06662904  0.06788627  0.06857309  0.07538888  0.06708017
   0.0645991   0.06476463  0.06800856  0.0657764   0.0659714   0.          0.
   0.          0.          0.          0.          0.          0.          0.
   0.        ]
 [ 0.29881549  0.05945908  0.06286955  0.06618743  0.07323758  0.06488941
   0.06078568  0.0615719   0.0654213   0.06193757  0.06291511  0.06190989
   0.          0.          0.          0.          0.          0.          0.
   0.          0.        ]
 [ 0.30783132  0.05377779  0.05591227  0.05954894  0.0645775   0.0580741
   0.05650574  0.05746141  0.05872989  0.05589813  0.05863313  0.05547316
   0.05757658  0.          0.          0.          0.          0.          0.
   0.          0.        ]
 [ 0.2871888   0.05028708  0.05265233  0.05756508  0.05986559  0.05488424
   0.05342148  0.05671848  0.05595975  0.05337569  0.05704492  0.0518702
   0.05596282  0.05320356  0.          0.          0.          0.          0.
   0.          0.        ]
 [ 0.26758176  0.05022515  0.05012123  0.05426358  0.05670455  0.0541488
   0.05162784  0.0535583   0.05367061  0.05071312  0.0549034   0.05160571
   0.05113477  0.04917039  0.05057085  0.          0.          0.          0.
   0.          0.        ]
 [ 0.2794297   0.04636494  0.04651663  0.04941808  0.05110006  0.04751879
   0.04687809  0.04798098  0.04757753  0.04743924  0.0487123   0.04787432
   0.04933179  0.04633586  0.04742833  0.05009332  0.          0.          0.
   0.          0.        ]
 [ 0.25505227  0.04287693  0.04489432  0.04867649  0.05082285  0.04725425
   0.04496273  0.0487517   0.04726833  0.04395474  0.04882171  0.04491744
   0.04647152  0.04416467  0.04560062  0.04916912  0.04634028  0.          0.
   0.          0.        ]
 [ 0.24806483  0.04300631  0.04361329  0.04601516  0.04744624  0.04379765
   0.04395862  0.04448733  0.04447319  0.04317692  0.04404344  0.0441516
   0.04441129  0.04217666  0.04319065  0.04507956  0.04462418  0.044283    0.
   0.          0.        ]
 [ 0.22298765  0.04256253  0.04209742  0.04473121  0.04710897  0.04347621
   0.04223717  0.04340526  0.04308993  0.04200356  0.04299247  0.04366018
   0.04442107  0.04029189  0.0415351   0.04466321  0.043609    0.04236194
   0.04276523  0.          0.        ]
 [ 0.24411862  0.03875363  0.03913868  0.04060699  0.04107943  0.03987361
   0.03956316  0.0391924   0.03960891  0.03999316  0.03937825  0.04015831
   0.04063099  0.03844882  0.03882868  0.04056202  0.03986888  0.03892986
   0.04132074  0.03994488  0.        ]
 [ 0.23231404  0.03784887  0.03801476  0.03930447  0.04005402  0.03831764
   0.03820296  0.03833271  0.03853239  0.03830642  0.03852508  0.03887186
   0.03922908  0.03665919  0.0373922   0.03929808  0.03842897  0.03757156
   0.03907632  0.03777306  0.03794632]]
9.16818237305
18
[[ 1.          0.          0.          0.          0.        ]
 [ 0.85267723  0.14732271  0.          0.          0.        ]
 [ 0.75568455  0.12359972  0.12071575  0.          0.        ]
 [ 0.6552707   0.11537834  0.11342152  0.11592941  0.        ]
 [ 0.59001827  0.10141093  0.10022029  0.10351535  0.10483523]]
89.9485168457
19
[[ 1.          0.          0.          0.          0.          0.          0.
   0.          0.          0.          0.          0.        ]
 [ 0.84306371  0.15693632  0.          0.          0.          0.          0.
   0.          0.          0.          0.          0.        ]
 [ 0.71338022  0.14488219  0.14173764  0.          0.          0.          0.
   0.          0.          0.          0.          0.        ]
 [ 0.593602    0.13936065  0.132645    0.13439229  0.          0.          0.
   0.          0.          0.          0.          0.        ]
 [ 0.51410228  0.12747972  0.11920483  0.12047379  0.11873937  0.          0.
   0.          0.          0.          0.          0.        ]
 [ 0.48793745  0.10704073  0.10256347  0.10393219  0.10042426  0.09810189
   0.          0.          0.          0.          0.          0.        ]
 [ 0.42601281  0.10083701  0.09726764  0.09771582  0.09253282  0.09153948
   0.09409437  0.          0.          0.          0.          0.        ]
 [ 0.40775466  0.08818143  0.08515536  0.08736331  0.08241458  0.08165335
   0.08320022  0.08427708  0.          0.          0.          0.        ]
 [ 0.35785958  0.08440088  0.08251216  0.08503822  0.0767267   0.07654484
   0.07963192  0.07991192  0.07737379  0.          0.          0.        ]
 [ 0.32448196  0.07994667  0.07683126  0.07766493  0.07340018  0.07289119
   0.0728161   0.07378086  0.0747996   0.07338727  0.          0.        ]
 [ 0.3212091   0.07158527  0.0679951   0.06872354  0.06666541  0.06577303
   0.06566817  0.06818629  0.0668439   0.06883598  0.06851427  0.        ]
 [ 0.31059653  0.06564868  0.06251707  0.06398127  0.06255078  0.06181414
   0.06102199  0.0636318   0.06160611  0.06316672  0.06383085  0.05963413]]
3.37378382683
