0
[[ 1.          0.          0.          0.          0.          0.          0.
   0.          0.          0.          0.          0.          0.          0.        ]
 [ 0.68651241  0.31348759  0.          0.          0.          0.          0.
   0.          0.          0.          0.          0.          0.          0.        ]
 [ 0.48663482  0.25776049  0.25560468  0.          0.          0.          0.
   0.          0.          0.          0.          0.          0.          0.        ]
 [ 0.37776196  0.20264858  0.20424896  0.21534047  0.          0.          0.
   0.          0.          0.          0.          0.          0.          0.        ]
 [ 0.41529283  0.15082489  0.13928692  0.14511517  0.14948013  0.          0.
   0.          0.          0.          0.          0.          0.          0.        ]
 [ 0.3523905   0.13177447  0.12582234  0.12997504  0.12964806  0.13038956
   0.          0.          0.          0.          0.          0.          0.
   0.        ]
 [ 0.25447389  0.12202487  0.12999125  0.13183071  0.10933249  0.11825102
   0.1340958   0.          0.          0.          0.          0.          0.
   0.        ]
 [ 0.27144158  0.10990269  0.10795886  0.11097669  0.09440517  0.09791747
   0.11115876  0.09623875  0.          0.          0.          0.          0.
   0.        ]
 [ 0.23104236  0.09916667  0.09931995  0.10138103  0.08881038  0.09251457
   0.10799243  0.08580162  0.093971    0.          0.          0.          0.
   0.        ]
 [ 0.19684386  0.08574507  0.09384897  0.09942356  0.09510431  0.08632956
   0.09096429  0.08531985  0.07866242  0.087758    0.          0.          0.
   0.        ]
 [ 0.23192906  0.07726319  0.07794294  0.08342657  0.07572178  0.07428522
   0.08198     0.07131709  0.07751877  0.08001369  0.06860168  0.          0.
   0.        ]
 [ 0.15206835  0.06427483  0.07444061  0.07873178  0.07935604  0.08596799
   0.08746226  0.06297328  0.07498737  0.08321848  0.07592782  0.08059121
   0.          0.        ]
 [ 0.22108531  0.07144504  0.06769548  0.06851447  0.06433973  0.06232552
   0.06823055  0.0634781   0.06765322  0.0678638   0.05782693  0.06075043
   0.05879138  0.        ]
 [ 0.20090969  0.06379692  0.06401066  0.06643164  0.05880537  0.05885054
   0.06825595  0.05890359  0.06538885  0.06843156  0.05473504  0.05947349
   0.05209367  0.05991297]]
6.71727752686
1
[[ 1.          0.          0.          0.          0.          0.          0.
   0.          0.          0.          0.        ]
 [ 0.71662796  0.28337207  0.          0.          0.          0.          0.
   0.          0.          0.          0.        ]
 [ 0.55175072  0.20286582  0.24538338  0.          0.          0.          0.
   0.          0.          0.          0.        ]
 [ 0.44729191  0.16880515  0.19090825  0.19299471  0.          0.          0.
   0.          0.          0.          0.        ]
 [ 0.4067151   0.15132856  0.15015063  0.14401408  0.14779156  0.          0.
   0.          0.          0.          0.        ]
 [ 0.35786161  0.13186024  0.12518035  0.13266721  0.12390595  0.12852462
   0.          0.          0.          0.          0.        ]
 [ 0.32019061  0.11501905  0.11539023  0.12148675  0.11469629  0.10763958
   0.10557749  0.          0.          0.          0.        ]
 [ 0.25872725  0.08658466  0.09907588  0.10347818  0.10952814  0.11244141
   0.11527148  0.11489297  0.          0.          0.        ]
 [ 0.22731936  0.07074514  0.09928233  0.09285862  0.10648345  0.10451747
   0.10394422  0.09445341  0.10039592  0.          0.        ]
 [ 0.24573722  0.07134841  0.09329297  0.08402564  0.09243819  0.08803656
   0.08263298  0.07653253  0.07614579  0.0898097   0.        ]
 [ 0.21414933  0.06117058  0.08551294  0.07837285  0.08280788  0.07998182
   0.07512355  0.07397039  0.07172405  0.08637397  0.0908127 ]]
7.43100261688
2
[[ 1.          0.          0.          0.          0.          0.        ]
 [ 0.71701479  0.28298518  0.          0.          0.          0.        ]
 [ 0.57754105  0.20617631  0.21628265  0.          0.          0.        ]
 [ 0.47865659  0.17405252  0.16728751  0.18000343  0.          0.        ]
 [ 0.35569543  0.14399092  0.16677614  0.17011487  0.16342267  0.        ]
 [ 0.36768728  0.12438639  0.13545495  0.13094956  0.12530625  0.11621552]]
6.32782077789
3
[[ 1.          0.          0.          0.          0.          0.        ]
 [ 0.68517375  0.31482625  0.          0.          0.          0.        ]
 [ 0.56928378  0.22562192  0.20509429  0.          0.          0.        ]
 [ 0.46809354  0.20579985  0.16172275  0.16438389  0.          0.        ]
 [ 0.44462225  0.15577693  0.13263953  0.13525295  0.13170832  0.        ]
 [ 0.38521442  0.13967066  0.11495534  0.1198604   0.11894215  0.12135702]]
8.03883743286
4
[[ 1.          0.          0.          0.          0.          0.        ]
 [ 0.67533606  0.32466394  0.          0.          0.          0.        ]
 [ 0.54340529  0.23799026  0.21860446  0.          0.          0.        ]
 [ 0.43187541  0.23057108  0.17633344  0.16122006  0.          0.        ]
 [ 0.34184572  0.2145009   0.16839637  0.13926196  0.13599502  0.        ]
 [ 0.3679285   0.15895692  0.12300882  0.11078094  0.11512274  0.12420204]]
1.36400747299
5
[[ 1.          0.          0.          0.          0.          0.          0.
   0.        ]
 [ 0.69843715  0.30156285  0.          0.          0.          0.          0.
   0.        ]
 [ 0.52268028  0.26176316  0.21555655  0.          0.          0.          0.
   0.        ]
 [ 0.35199746  0.2394769   0.20011653  0.20840912  0.          0.          0.
   0.        ]
 [ 0.35038275  0.17503943  0.15084411  0.15754373  0.16618997  0.          0.
   0.        ]
 [ 0.32892647  0.12367943  0.12747556  0.13321373  0.14136958  0.14533526
   0.          0.        ]
 [ 0.29077464  0.12268877  0.11720825  0.11404063  0.11687898  0.12578474
   0.11262395  0.        ]
 [ 0.27635902  0.11157963  0.09695475  0.10612863  0.10672525  0.10776407
   0.09821428  0.09627436]]
4.56234788895
6
[[ 1.          0.          0.          0.        ]
 [ 0.72519618  0.27480385  0.          0.        ]
 [ 0.55706114  0.22509488  0.21784401  0.        ]
 [ 0.49010411  0.17880476  0.16392425  0.16716683]]
18.473077774
7
[[ 1.          0.          0.        ]
 [ 0.64050287  0.3594971   0.        ]
 [ 0.53542411  0.23038603  0.23418991]]
5.47817611694
8
[[ 1.          0.          0.          0.          0.          0.          0.
   0.          0.          0.          0.          0.          0.          0.
   0.        ]
 [ 0.70828533  0.29171464  0.          0.          0.          0.          0.
   0.          0.          0.          0.          0.          0.          0.
   0.        ]
 [ 0.51553226  0.26729226  0.21717554  0.          0.          0.          0.
   0.          0.          0.          0.          0.          0.          0.
   0.        ]
 [ 0.48302442  0.17836975  0.16059016  0.17801557  0.          0.          0.
   0.          0.          0.          0.          0.          0.          0.
   0.        ]
 [ 0.39884701  0.15262145  0.14021812  0.14942418  0.15888926  0.          0.
   0.          0.          0.          0.          0.          0.          0.
   0.        ]
 [ 0.35830805  0.14608228  0.11757454  0.1352264   0.12783726  0.11497141
   0.          0.          0.          0.          0.          0.          0.
   0.          0.        ]
 [ 0.29931557  0.11766897  0.10717057  0.11928684  0.13135207  0.11069871
   0.11450732  0.          0.          0.          0.          0.          0.
   0.          0.        ]
 [ 0.27306998  0.11304001  0.1067922   0.1095985   0.10294726  0.10460417
   0.09746134  0.09248651  0.          0.          0.          0.          0.
   0.          0.        ]
 [ 0.28348067  0.11071611  0.08393007  0.09282722  0.09476621  0.08245032
   0.08955663  0.08006801  0.0822048   0.          0.          0.          0.
   0.          0.        ]
 [ 0.14307369  0.08221705  0.09816144  0.10797335  0.11163759  0.08838494
   0.08707361  0.08128578  0.1023199   0.09787259  0.          0.          0.
   0.          0.        ]
 [ 0.23212501  0.09978982  0.07074843  0.07443135  0.07452331  0.07230355
   0.08190615  0.07449543  0.07020762  0.07950213  0.06996723  0.          0.
   0.          0.        ]
 [ 0.18867825  0.08354895  0.07344905  0.07582877  0.07642476  0.06983582
   0.0758951   0.06977718  0.07760681  0.0757108   0.06656583  0.0666787
   0.          0.          0.        ]
 [ 0.13034521  0.07472357  0.07414521  0.07726701  0.06986663  0.07244724
   0.0707122   0.07146512  0.06705444  0.07435343  0.06866198  0.07521601
   0.07374197  0.          0.        ]
 [ 0.16429263  0.07195619  0.06632556  0.06702604  0.06431875  0.06852636
   0.06364513  0.06332742  0.05376468  0.06344654  0.06254914  0.06154504
   0.06536994  0.06390654  0.        ]
 [ 0.16682826  0.06932761  0.06008144  0.061625    0.05823116  0.06394797
   0.05589356  0.05946837  0.05110296  0.05787942  0.05777776  0.05864068
   0.05949477  0.05891721  0.06078377]]
13.2614898682
9
[[ 1.          0.          0.          0.          0.          0.          0.
   0.          0.          0.          0.          0.          0.          0.
   0.          0.          0.          0.          0.          0.          0.
   0.          0.          0.          0.          0.          0.          0.
   0.        ]
 [ 0.729173    0.27082703  0.          0.          0.          0.          0.
   0.          0.          0.          0.          0.          0.          0.
   0.          0.          0.          0.          0.          0.          0.
   0.          0.          0.          0.          0.          0.          0.
   0.        ]
 [ 0.62713653  0.16972847  0.20313501  0.          0.          0.          0.
   0.          0.          0.          0.          0.          0.          0.
   0.          0.          0.          0.          0.          0.          0.
   0.          0.          0.          0.          0.          0.          0.
   0.        ]
 [ 0.46596253  0.18922125  0.17538179  0.16943437  0.          0.          0.
   0.          0.          0.          0.          0.          0.          0.
   0.          0.          0.          0.          0.          0.          0.
   0.          0.          0.          0.          0.          0.          0.
   0.        ]
 [ 0.3639673   0.15058507  0.16432045  0.1530976   0.1680295   0.          0.
   0.          0.          0.          0.          0.          0.          0.
   0.          0.          0.          0.          0.          0.          0.
   0.          0.          0.          0.          0.          0.          0.
   0.        ]
 [ 0.36011374  0.12887712  0.13836597  0.12307655  0.12330355  0.1262631
   0.          0.          0.          0.          0.          0.          0.
   0.          0.          0.          0.          0.          0.          0.
   0.          0.          0.          0.          0.          0.          0.
   0.          0.        ]
 [ 0.36182958  0.10348414  0.11351774  0.10313764  0.11562086  0.09809636
   0.10431372  0.          0.          0.          0.          0.          0.
   0.          0.          0.          0.          0.          0.          0.
   0.          0.          0.          0.          0.          0.          0.
   0.          0.        ]
 [ 0.25424117  0.106449    0.11303464  0.11366534  0.10241416  0.09158362
   0.09948251  0.11912955  0.          0.          0.          0.          0.
   0.          0.          0.          0.          0.          0.          0.
   0.          0.          0.          0.          0.          0.          0.
   0.          0.        ]
 [ 0.27595344  0.08169997  0.09839061  0.09499145  0.10203256  0.08781226
   0.08334269  0.0860654   0.08971162  0.          0.          0.          0.
   0.          0.          0.          0.          0.          0.          0.
   0.          0.          0.          0.          0.          0.          0.
   0.          0.        ]
 [ 0.16248618  0.07828319  0.10938236  0.09970442  0.07700153  0.08249644
   0.07579757  0.10969319  0.08682646  0.11832868  0.          0.          0.
   0.          0.          0.          0.          0.          0.          0.
   0.          0.          0.          0.          0.          0.          0.
   0.          0.        ]
 [ 0.18965144  0.07372741  0.09871636  0.08676923  0.06960458  0.08071554
   0.06762843  0.08662365  0.08022947  0.08854424  0.0777896   0.          0.
   0.          0.          0.          0.          0.          0.          0.
   0.          0.          0.          0.          0.          0.          0.
   0.          0.        ]
 [ 0.23528498  0.0678094   0.07860526  0.06731728  0.07212496  0.06714807
   0.06559844  0.06888092  0.06920338  0.07479557  0.06503143  0.06820027
   0.          0.          0.          0.          0.          0.          0.
   0.          0.          0.          0.          0.          0.          0.
   0.          0.          0.        ]
 [ 0.17572901  0.06336784  0.07848186  0.0734357   0.06741366  0.06205808
   0.06194472  0.077046    0.06919263  0.07666269  0.05759906  0.06420624
   0.07286257  0.          0.          0.          0.          0.          0.
   0.          0.          0.          0.          0.          0.          0.
   0.          0.          0.        ]
 [ 0.1724218   0.06111831  0.06787574  0.05594701  0.06255396  0.06139058
   0.05921146  0.05944907  0.06426322  0.06959655  0.06123752  0.06474365
   0.06978028  0.07041089  0.          0.          0.          0.          0.
   0.          0.          0.          0.          0.          0.          0.
   0.          0.          0.        ]
 [ 0.19735201  0.05627372  0.05933677  0.05398543  0.06455006  0.05229881
   0.06075346  0.0553065   0.05598865  0.06520093  0.05015929  0.05485608
   0.0572007   0.05937559  0.05736195  0.          0.          0.          0.
   0.          0.          0.          0.          0.          0.          0.
   0.          0.          0.        ]
 [ 0.18022646  0.04929921  0.05899184  0.05239466  0.05864743  0.05180728
   0.05491547  0.05632885  0.05658416  0.06170006  0.04885851  0.04926148
   0.05137978  0.05589031  0.05345364  0.06026087  0.          0.          0.
   0.          0.          0.          0.          0.          0.          0.
   0.          0.          0.        ]
 [ 0.12736271  0.05155343  0.06017204  0.05544065  0.05745737  0.04647762
   0.04860852  0.06297933  0.05117641  0.07573801  0.04369558  0.05001881
   0.05095423  0.05263168  0.05262076  0.0574298   0.05568305  0.          0.
   0.          0.          0.          0.          0.          0.          0.
   0.          0.          0.        ]
 [ 0.16095863  0.04574922  0.05266193  0.051914    0.05580232  0.04590395
   0.04858432  0.04877046  0.04639114  0.05993704  0.0435986   0.04554451
   0.04539162  0.0480921   0.04146516  0.05336932  0.05022287  0.05564272
   0.          0.          0.          0.          0.          0.          0.
   0.          0.          0.          0.        ]
 [ 0.12415066  0.04488708  0.04934074  0.04967692  0.05245612  0.04276238
   0.04830497  0.05071567  0.0459078   0.05970805  0.04119983  0.04072475
   0.04263854  0.04568887  0.04489303  0.04881644  0.05036437  0.0530411
   0.06472268  0.          0.          0.          0.          0.          0.
   0.          0.          0.          0.        ]
 [ 0.15329283  0.04401506  0.04689393  0.04387616  0.04659395  0.03993961
   0.04134239  0.04287006  0.04312     0.05205318  0.04046877  0.04197359
   0.04348272  0.04466936  0.04414804  0.04788084  0.04292834  0.04706374
   0.04769043  0.04569699  0.          0.          0.          0.          0.
   0.          0.          0.          0.        ]
 [ 0.15076867  0.03822232  0.04328606  0.04132836  0.04498908  0.03996902
   0.0399316   0.04081102  0.04395903  0.04580742  0.03810769  0.03839535
   0.04028467  0.04273909  0.04171883  0.04496947  0.04407868  0.0449629
   0.04591923  0.0450278   0.04472378  0.          0.          0.          0.
   0.          0.          0.          0.        ]
 [ 0.11053566  0.04156915  0.04637278  0.04802758  0.03963907  0.03617875
   0.03821081  0.04570748  0.04010868  0.04710861  0.03639374  0.03577151
   0.03761382  0.04026572  0.03945588  0.03917721  0.04180529  0.04307648
   0.04694582  0.04640986  0.05095724  0.04866898  0.          0.          0.
   0.          0.          0.          0.        ]
 [ 0.10711707  0.03747636  0.04379779  0.03944521  0.04126064  0.03700495
   0.03605459  0.0422026   0.04013177  0.05071924  0.03498476  0.03484242
   0.0361403   0.03820302  0.03240785  0.03546147  0.03717912  0.04066831
   0.05216408  0.05018627  0.04334262  0.04413457  0.04507493  0.          0.
   0.          0.          0.          0.        ]
 [ 0.09541181  0.0348084   0.04179979  0.04320559  0.03908294  0.03342119
   0.03157532  0.04107167  0.0335915   0.04806003  0.03155788  0.03285059
   0.03460018  0.03598351  0.03606367  0.0359914   0.03554739  0.03936585
   0.04962686  0.04457989  0.05026945  0.04611658  0.03991498  0.04550353
   0.          0.          0.          0.          0.        ]
 [ 0.10584556  0.03724485  0.03824436  0.03590241  0.03819536  0.03551954
   0.03769562  0.03580235  0.03645825  0.03456737  0.03647247  0.03661556
   0.03759922  0.03870668  0.03782908  0.04271102  0.03913018  0.04071081
   0.03887808  0.03630916  0.03549313  0.03084211  0.03651724  0.03528417
   0.04142537  0.          0.          0.          0.        ]
 [ 0.10395133  0.03752758  0.03790931  0.03297827  0.03458295  0.03210374
   0.03448781  0.03411103  0.03462984  0.03852067  0.03332087  0.03575954
   0.03533464  0.03657412  0.03649596  0.0375336   0.0345812   0.03642992
   0.03681534  0.0376453   0.03968292  0.03386074  0.03777719  0.03663517
   0.03578044  0.03497044  0.          0.          0.        ]
 [ 0.10234346  0.03572725  0.03543305  0.03106442  0.03737761  0.03001382
   0.03599726  0.03267164  0.03232329  0.03713919  0.0305103   0.03284969
   0.0333912   0.03435588  0.03271667  0.03910425  0.03552968  0.03874785
   0.03908616  0.03709339  0.03337153  0.02898025  0.03405858  0.03248312
   0.03441006  0.03763867  0.03558175  0.          0.        ]
 [ 0.10199557  0.03162528  0.03508132  0.03097852  0.03274935  0.02996877
   0.03255118  0.03323823  0.03332531  0.03289975  0.03027095  0.03024551
   0.03184463  0.0337777   0.03202889  0.03506088  0.03430977  0.03505887
   0.0356992   0.03433838  0.03364897  0.03044344  0.03458837  0.03400452
   0.03428346  0.03478362  0.03329891  0.0379006   0.        ]
 [ 0.10195312  0.03129617  0.03420667  0.03159273  0.03394789  0.027407
   0.03010086  0.03361756  0.03024085  0.03666651  0.02657773  0.02750958
   0.02917432  0.03041264  0.02885451  0.03088959  0.03265462  0.03419118
   0.0386079   0.03548266  0.03211257  0.03198564  0.03232964  0.03724802
   0.03120759  0.03227838  0.03056731  0.03387744  0.03300928]]
8.51682090759
10
[[ 1.          0.          0.        ]
 [ 0.61710542  0.38289455  0.        ]
 [ 0.54386157  0.23504907  0.22108933]]
40.8651008606
11
[[ 1.          0.          0.          0.          0.          0.          0.
   0.          0.          0.          0.          0.          0.          0.
   0.          0.          0.          0.          0.          0.          0.
   0.          0.          0.          0.          0.          0.        ]
 [ 0.70114499  0.29885501  0.          0.          0.          0.          0.
   0.          0.          0.          0.          0.          0.          0.
   0.          0.          0.          0.          0.          0.          0.
   0.          0.          0.          0.          0.          0.        ]
 [ 0.59526879  0.20005436  0.2046769   0.          0.          0.          0.
   0.          0.          0.          0.          0.          0.          0.
   0.          0.          0.          0.          0.          0.          0.
   0.          0.          0.          0.          0.          0.        ]
 [ 0.48072517  0.19579971  0.16649303  0.15698212  0.          0.          0.
   0.          0.          0.          0.          0.          0.          0.
   0.          0.          0.          0.          0.          0.          0.
   0.          0.          0.          0.          0.          0.        ]
 [ 0.38586351  0.17003943  0.15384579  0.1413319   0.14891942  0.          0.
   0.          0.          0.          0.          0.          0.          0.
   0.          0.          0.          0.          0.          0.          0.
   0.          0.          0.          0.          0.          0.        ]
 [ 0.28718424  0.12853488  0.13013172  0.16459842  0.14751293  0.14203778
   0.          0.          0.          0.          0.          0.          0.
   0.          0.          0.          0.          0.          0.          0.
   0.          0.          0.          0.          0.          0.          0.        ]
 [ 0.30635715  0.11427209  0.11405037  0.12954329  0.1080154   0.11340554
   0.11435618  0.          0.          0.          0.          0.          0.
   0.          0.          0.          0.          0.          0.          0.
   0.          0.          0.          0.          0.          0.          0.        ]
 [ 0.27467474  0.10005577  0.10760153  0.10707407  0.10008172  0.09948724
   0.10219867  0.10882633  0.          0.          0.          0.          0.
   0.          0.          0.          0.          0.          0.          0.
   0.          0.          0.          0.          0.          0.          0.        ]
 [ 0.2735821   0.09791872  0.08771608  0.08305957  0.08288641  0.09328465
   0.08855616  0.09426729  0.09872903  0.          0.          0.          0.
   0.          0.          0.          0.          0.          0.          0.
   0.          0.          0.          0.          0.          0.          0.        ]
 [ 0.24547835  0.09765225  0.08761987  0.0848043   0.08096874  0.0820696
   0.07712472  0.08475254  0.08573205  0.07379766  0.          0.          0.
   0.          0.          0.          0.          0.          0.          0.
   0.          0.          0.          0.          0.          0.          0.        ]
 [ 0.21252581  0.07694068  0.0728506   0.07482262  0.07488772  0.07785436
   0.07332411  0.08634039  0.08932425  0.07575283  0.08537655  0.          0.
   0.          0.          0.          0.          0.          0.          0.
   0.          0.          0.          0.          0.          0.          0.        ]
 [ 0.18283948  0.07126766  0.07384787  0.07727499  0.06928505  0.07457986
   0.07527469  0.07640538  0.07944409  0.07201586  0.07638303  0.07138205
   0.          0.          0.          0.          0.          0.          0.
   0.          0.          0.          0.          0.          0.          0.
   0.        ]
 [ 0.17361794  0.06547012  0.07195663  0.07254672  0.06743154  0.06573942
   0.06852699  0.07288576  0.074676    0.06143152  0.07065556  0.06048608
   0.07457569  0.          0.          0.          0.          0.          0.
   0.          0.          0.          0.          0.          0.          0.
   0.        ]
 [ 0.18199329  0.07417286  0.06505056  0.06121106  0.06108859  0.06573889
   0.05931399  0.06527201  0.06760237  0.05404304  0.06621162  0.05273584
   0.05837679  0.06718914  0.          0.          0.          0.          0.
   0.          0.          0.          0.          0.          0.          0.
   0.        ]
 [ 0.13668153  0.0481038   0.05014496  0.06395044  0.05622113  0.05505418
   0.05588527  0.07843398  0.07650301  0.0573228   0.07572264  0.05489221
   0.05877095  0.0732534   0.05905966  0.          0.          0.          0.
   0.          0.          0.          0.          0.          0.          0.
   0.        ]
 [ 0.16239356  0.05780935  0.05844249  0.05632559  0.0542459   0.0541038
   0.0561153   0.05561184  0.05804007  0.04856135  0.05564779  0.05063291
   0.05788327  0.05997647  0.05742067  0.05678964  0.          0.          0.
   0.          0.          0.          0.          0.          0.          0.
   0.        ]
 [ 0.1322695   0.06120062  0.05891787  0.04694615  0.05632261  0.05864742
   0.05634871  0.0504545   0.05206937  0.04808732  0.05074316  0.05014031
   0.05804424  0.05482221  0.05678615  0.05572785  0.052472    0.          0.
   0.          0.          0.          0.          0.          0.          0.
   0.        ]
 [ 0.11425311  0.05909449  0.05486275  0.04292094  0.05226878  0.05770198
   0.0523558   0.05117171  0.05215122  0.04431176  0.04921193  0.04617746
   0.05207519  0.05369908  0.05619784  0.05364657  0.04693044  0.06096897
   0.          0.          0.          0.          0.          0.          0.
   0.          0.        ]
 [ 0.12202857  0.04637235  0.04590693  0.04999869  0.04553302  0.0464971
   0.04388252  0.054039    0.05610443  0.04035133  0.05256995  0.04040501
   0.04662947  0.05560189  0.04892642  0.05246124  0.05274393  0.04787178
   0.05207638  0.          0.          0.          0.          0.          0.
   0.          0.        ]
 [ 0.11682078  0.04374746  0.04586188  0.04876674  0.04207371  0.04411529
   0.04222013  0.05187438  0.05646213  0.04113876  0.04882101  0.03799841
   0.04296242  0.05389933  0.0486005   0.05064895  0.04460251  0.04545305
   0.04666435  0.0472682   0.          0.          0.          0.          0.
   0.          0.        ]
 [ 0.09694108  0.03598369  0.03896571  0.05062323  0.04258573  0.03851293
   0.04057038  0.05398456  0.05492479  0.03892799  0.05424522  0.03598571
   0.04296526  0.05360864  0.0444502   0.04781309  0.05155757  0.03972977
   0.04177865  0.04089846  0.05494732  0.          0.          0.          0.
   0.          0.        ]
 [ 0.05554231  0.04416821  0.04174387  0.04695221  0.05022687  0.03879954
   0.03893488  0.04588534  0.0550751   0.04225788  0.05200104  0.03662889
   0.04139581  0.05002402  0.04680542  0.0406648   0.05663607  0.04393453
   0.04104064  0.03529596  0.05074878  0.04523788  0.          0.          0.
   0.          0.        ]
 [ 0.09178957  0.04912413  0.04018132  0.03604779  0.0394944   0.04169059
   0.03677928  0.03852693  0.04511456  0.04128575  0.04514066  0.03535795
   0.03127652  0.03966524  0.04435509  0.03791539  0.04060287  0.0428338
   0.04482983  0.03827404  0.04881741  0.04545494  0.0454419   0.          0.
   0.          0.        ]
 [ 0.11338649  0.04204663  0.03728775  0.03481252  0.0353804   0.03854155
   0.03589913  0.03953332  0.04250668  0.03884111  0.04087248  0.03690284
   0.03143013  0.03928392  0.03971335  0.03941765  0.03604353  0.03850381
   0.04118863  0.03865999  0.04251044  0.0391684   0.03962511  0.03844414
   0.          0.          0.        ]
 [ 0.08764596  0.03817843  0.03629822  0.03636759  0.04184096  0.03398225
   0.03334893  0.03606003  0.03883582  0.0287474   0.03988867  0.03110141
   0.03303685  0.03903948  0.03703203  0.03796828  0.04277673  0.04280393
   0.04669992  0.03547905  0.04077275  0.03712238  0.04687072  0.03575891
   0.04234323  0.          0.        ]
 [ 0.0774281   0.04332991  0.03889166  0.03261     0.03415691  0.04114844
   0.03675335  0.03618962  0.0365287   0.0342783   0.03542732  0.03544612
   0.03665751  0.03677454  0.03921307  0.03781363  0.03246231  0.03969733
   0.04089536  0.04080053  0.03748137  0.03946091  0.03165213  0.03243424
   0.0353911   0.03707751  0.        ]
 [ 0.10700425  0.03804086  0.03561391  0.03269579  0.03148863  0.03429042
   0.03245664  0.03551574  0.03616838  0.02950487  0.0341699   0.0309155
   0.03284399  0.03665909  0.03445191  0.03664103  0.03208293  0.03489311
   0.03822479  0.03711804  0.03693793  0.03614006  0.03360907  0.02971539
   0.03420483  0.03054579  0.03806715]]
14.0669374466
12
[[ 1.          0.          0.          0.          0.          0.          0.        ]
 [ 0.68184763  0.31815234  0.          0.          0.          0.          0.        ]
 [ 0.43148223  0.29621503  0.27230281  0.          0.          0.          0.        ]
 [ 0.34079131  0.22683986  0.21091782  0.22145103  0.          0.          0.        ]
 [ 0.36707282  0.15608335  0.15159363  0.16437206  0.16087818  0.          0.        ]
 [ 0.30509913  0.14481355  0.13121577  0.1412583   0.15391985  0.12369334
   0.        ]
 [ 0.30044442  0.12361466  0.10697865  0.11788633  0.12464738  0.10938239
   0.11704613]]
3.60343599319
13
[[ 1.          0.          0.          0.        ]
 [ 0.59557074  0.40442929  0.          0.        ]
 [ 0.47269383  0.28689572  0.24041052  0.        ]
 [ 0.48836139  0.1754671   0.15635905  0.17981246]]
6.321808815
14
[[ 1.          0.          0.          0.          0.          0.          0.
   0.          0.          0.          0.          0.        ]
 [ 0.65166235  0.34833762  0.          0.          0.          0.          0.
   0.          0.          0.          0.          0.        ]
 [ 0.50454491  0.28004694  0.21540818  0.          0.          0.          0.
   0.          0.          0.          0.          0.        ]
 [ 0.45688009  0.20186643  0.16931173  0.17194173  0.          0.          0.
   0.          0.          0.          0.          0.        ]
 [ 0.37210795  0.18502007  0.15436094  0.14926006  0.13925096  0.          0.
   0.          0.          0.          0.          0.        ]
 [ 0.33959815  0.1636958   0.15268858  0.13586763  0.10218052  0.10596935
   0.          0.          0.          0.          0.          0.        ]
 [ 0.27904633  0.13490023  0.10912265  0.11842819  0.11282615  0.11573186
   0.12994465  0.          0.          0.          0.          0.        ]
 [ 0.2852242   0.12759963  0.11231697  0.10658051  0.08707801  0.08383649
   0.10664342  0.09072086  0.          0.          0.          0.        ]
 [ 0.23857446  0.1186511   0.09681223  0.10061627  0.07789355  0.07874221
   0.10247836  0.08674698  0.09948491  0.          0.          0.        ]
 [ 0.1844274   0.09214792  0.09283739  0.08078689  0.09446666  0.09453599
   0.09449521  0.08695868  0.09564896  0.08369482  0.          0.        ]
 [ 0.22169261  0.09868525  0.09363487  0.0791785   0.06865976  0.06921716
   0.0800366   0.07526967  0.07619725  0.06948846  0.06793989  0.        ]
 [ 0.22466293  0.08689839  0.0814672   0.07477739  0.06311641  0.06676087
   0.07358882  0.06640404  0.0676994   0.06463955  0.0617711   0.06821391]]
3.31466197968
15
[[ 1.          0.          0.          0.          0.          0.          0.
   0.          0.          0.          0.          0.          0.          0.
   0.          0.        ]
 [ 0.60356289  0.39643711  0.          0.          0.          0.          0.
   0.          0.          0.          0.          0.          0.          0.
   0.          0.        ]
 [ 0.49894431  0.24947499  0.25158069  0.          0.          0.          0.
   0.          0.          0.          0.          0.          0.          0.
   0.          0.        ]
 [ 0.46801117  0.18464658  0.17835987  0.1689823   0.          0.          0.
   0.          0.          0.          0.          0.          0.          0.
   0.          0.        ]
 [ 0.39253685  0.16035971  0.1559981   0.14674161  0.14436376  0.          0.
   0.          0.          0.          0.          0.          0.          0.
   0.          0.        ]
 [ 0.37732309  0.13344923  0.13185802  0.1325454   0.11089278  0.11393145
   0.          0.          0.          0.          0.          0.          0.
   0.          0.          0.        ]
 [ 0.30846259  0.11667423  0.11782854  0.11551157  0.10549715  0.11161023
   0.12441579  0.          0.          0.          0.          0.          0.
   0.          0.          0.        ]
 [ 0.26348907  0.10617999  0.10730969  0.10173804  0.09916108  0.10546974
   0.11153128  0.10512113  0.          0.          0.          0.          0.
   0.          0.          0.        ]
 [ 0.20823109  0.0996706   0.10071387  0.09502389  0.09632882  0.10146762
   0.10469089  0.09563981  0.09823336  0.          0.          0.          0.
   0.          0.          0.        ]
 [ 0.24107608  0.08949407  0.08915759  0.08541753  0.08092963  0.08454518
   0.09045337  0.07849314  0.07786207  0.08257134  0.          0.          0.
   0.          0.          0.        ]
 [ 0.21405521  0.08370525  0.08115233  0.07775562  0.07648282  0.08003892
   0.08209411  0.07433432  0.07362733  0.07791377  0.07884038  0.          0.
   0.          0.          0.        ]
 [ 0.17769785  0.07622819  0.07230546  0.07341081  0.0762315   0.079998
   0.07613151  0.07271986  0.07212694  0.07396533  0.0739482   0.07523634
   0.          0.          0.          0.        ]
 [ 0.19497916  0.0770008   0.07062002  0.07155532  0.06337291  0.06525682
   0.07451366  0.06566653  0.06124349  0.06145091  0.06209264  0.06191083
   0.07033686  0.          0.          0.        ]
 [ 0.19028902  0.0775848   0.07001929  0.06868894  0.05813191  0.0580877
   0.06710342  0.05834397  0.05408368  0.05508335  0.0579242   0.05694675
   0.06157674  0.06613628  0.          0.        ]
 [ 0.1925111   0.0697551   0.06562521  0.06292575  0.05040256  0.05135489
   0.06917331  0.05724126  0.0527953   0.05279337  0.05430683  0.05280094
   0.05312882  0.0606835   0.05450213  0.        ]
 [ 0.17682953  0.05927308  0.05855929  0.05840919  0.05222848  0.05311282
   0.05974251  0.05234622  0.05062279  0.05224697  0.05449901  0.05375711
   0.05154618  0.05364681  0.05419938  0.05898057]]
1.65306258202
16
[[ 1.          0.          0.          0.          0.          0.        ]
 [ 0.69843715  0.30156285  0.          0.          0.          0.        ]
 [ 0.52268028  0.26176316  0.21555655  0.          0.          0.        ]
 [ 0.35199746  0.2394769   0.20011653  0.20840912  0.          0.        ]
 [ 0.37729728  0.16430771  0.14683263  0.15719345  0.15436894  0.        ]
 [ 0.35812914  0.14078557  0.11458419  0.13037166  0.12786344  0.12826607]]
7.19595766068
17
[[ 1.          0.          0.          0.          0.          0.        ]
 [ 0.69843715  0.30156285  0.          0.          0.          0.        ]
 [ 0.52268028  0.26176316  0.21555655  0.          0.          0.        ]
 [ 0.35199746  0.2394769   0.20011653  0.20840912  0.          0.        ]
 [ 0.37729728  0.16430771  0.14683263  0.15719345  0.15436894  0.        ]
 [ 0.35812914  0.14078557  0.11458419  0.13037166  0.12786344  0.12826607]]
7.19595766068
18
[[ 1.          0.          0.          0.          0.          0.        ]
 [ 0.69843715  0.30156285  0.          0.          0.          0.        ]
 [ 0.52268028  0.26176316  0.21555655  0.          0.          0.        ]
 [ 0.35199746  0.2394769   0.20011653  0.20840912  0.          0.        ]
 [ 0.37729728  0.16430771  0.14683263  0.15719345  0.15436894  0.        ]
 [ 0.35812914  0.14078557  0.11458419  0.13037166  0.12786344  0.12826607]]
7.19595766068
19
[[ 1.          0.          0.          0.          0.          0.          0.
   0.          0.          0.          0.          0.          0.          0.
   0.        ]
 [ 0.76686603  0.23313391  0.          0.          0.          0.          0.
   0.          0.          0.          0.          0.          0.          0.
   0.        ]
 [ 0.57016009  0.19559304  0.23424682  0.          0.          0.          0.
   0.          0.          0.          0.          0.          0.          0.
   0.        ]
 [ 0.47121033  0.15818116  0.19947621  0.17113231  0.          0.          0.
   0.          0.          0.          0.          0.          0.          0.
   0.        ]
 [ 0.41155246  0.13165945  0.16114266  0.14293821  0.15270719  0.          0.
   0.          0.          0.          0.          0.          0.          0.
   0.        ]
 [ 0.33617741  0.12716752  0.13359855  0.13484253  0.14021838  0.1279956
   0.          0.          0.          0.          0.          0.          0.
   0.          0.        ]
 [ 0.36363843  0.09862928  0.11321838  0.10078973  0.10883335  0.10867361
   0.10621719  0.          0.          0.          0.          0.          0.
   0.          0.        ]
 [ 0.25515336  0.09743992  0.11693323  0.10721101  0.09917081  0.09803305
   0.11548888  0.11056969  0.          0.          0.          0.          0.
   0.          0.        ]
 [ 0.24762112  0.09229774  0.0983154   0.11027453  0.09743323  0.07975557
   0.09501839  0.08665067  0.09263328  0.          0.          0.          0.
   0.          0.        ]
 [ 0.2397721   0.08328646  0.09251271  0.08968811  0.09160367  0.08346763
   0.08503033  0.07394561  0.08126377  0.07942963  0.          0.          0.
   0.          0.        ]
 [ 0.22367834  0.07857404  0.07989103  0.08290162  0.07421886  0.06683997
   0.07602897  0.07355012  0.07781502  0.07881629  0.08768577  0.          0.
   0.          0.        ]
 [ 0.20418054  0.06858106  0.07468006  0.07614988  0.07117928  0.06176268
   0.07721142  0.06597544  0.07401145  0.0694114   0.08167157  0.07518532
   0.          0.          0.        ]
 [ 0.20353791  0.06564813  0.06711301  0.06988753  0.06650958  0.05930813
   0.06955183  0.06424095  0.06393355  0.06286755  0.071918    0.06492209
   0.07056171  0.          0.        ]
 [ 0.19170213  0.06113711  0.06744099  0.06175631  0.05979073  0.05825866
   0.06011225  0.0639443   0.06181928  0.05533788  0.0669068   0.06037831
   0.06684925  0.06456601  0.        ]
 [ 0.1929812   0.05388625  0.05928881  0.05727607  0.05524708  0.05098369
   0.05641726  0.05896001  0.05914629  0.05283559  0.06233795  0.05624019
   0.06213612  0.06067322  0.06159026]]
7.96741819382
